4 3
4 8
4 5
4 16
4 11
4 10
4 18
4 9
4 2
4 6
4 21
4 17
4 23
4 20
4 8
4 10
4 15
4 23
4 7
4 9
4 12
4 12
4 23
4 24
4 2
4 9
4 17
4 3
4 11
4 18
4 23
4 16
4 25
4 15
4 22
4 16
4 4
4 25
4 20
4 6
4 14
4 6
4 6
4 12
4 3
4 10
4 19
4 17
4 11
4 23
4 4
4 16
4 2
4 9
4 18
4 26
4 17
4 2
4 19
4 10
4 10
4 22
4 12
4 8
4 21
4 11
4 10
4 9
4 22
4 20
4 13
4 22
4 2
4 22
4 22
4 1
4 2
4 8
4 8
4 7
4 17
4 7
4 26
4 25
4 22
4 4
4 5
4 9
4 22
4 22
4 15
4 11
4 14
4 2
4 19
4 4
4 2
4 9
4 26
4 16
4 5
4 22
4 5
4 25
4 10
4 12
4 14
4 6
4 16
4 6
4 24
4 19
4 6
4 2
4 11
4 1
4 17
4 17
4 4
4 17
4 5
4 16
4 3
4 25
4 1
4 8
4 24
4 8
4 17
4 22
4 13
4 15
4 12
4 14
4 8
4 5
4 24
4 23
4 1
4 18
4 2
4 17
4 26
4 2
4 17
4 7
4 3
4 17
4 17
4 19
4 11
4 20
4 20
4 25
4 14
4 11
4 9
4 16
4 3
4 3
4 20
4 18
4 23
4 23
4 18
4 3
4 3
4 14
4 14
4 11
4 26
4 20
4 5
4 12
4 23
4 17
4 9
4 8
4 4
4 26
4 1
4 19
4 3
4 13
4 21
4 22
4 9
4 2
4 25
4 21
4 8
4 3
4 5
4 5
4 4
4 11
4 5
4 23
4 25
4 13
4 14
4 1
4 13
4 11
4 5
4 23
4 21
4 17
4 23
4 16
4 18
4 8
4 20
4 5
4 4
4 11
4 6
4 14
4 18
4 22
4 24
4 8
4 23
4 17
4 24
4 25
4 18
4 9
4 20
4 22
4 3
4 7
4 19
4 21
4 3
4 24
4 13
4 21
4 6
4 5
4 20
4 7
4 24
4 19
4 3
4 20
4 2
4 9
4 18
4 13
