6 26
6 15
6 6
6 26
6 19
6 33
6 10
6 21
6 27
6 17
6 22
6 31
6 36
6 14
6 9
6 36
6 12
6 24
6 38
6 22
6 6
6 37
6 15
6 22
6 36
6 30
6 8
6 7
6 9
6 9
6 8
6 25
6 28
6 8
6 28
6 5
6 12
6 38
6 23
6 16
6 28
6 31
6 27
6 24
6 18
6 13
6 15
6 13
6 27
6 15
6 8
6 10
6 25
6 14
6 36
6 37
6 25
6 37
6 38
6 12
6 16
6 16
6 32
6 6
6 22
6 31
6 31
6 35
6 23
6 33
6 22
6 34
6 10
6 15
6 12
6 23
6 35
6 38
6 26
6 38
6 14
6 6
6 9
6 25
6 23
6 36
6 18
6 12
6 19
6 18
6 26
6 5
6 24
6 12
6 16
6 25
6 32
6 8
6 17
6 20
6 16
6 10
6 5
6 32
6 23
6 35
6 19
6 14
6 26
6 34
6 26
6 11
6 33
6 7
6 38
6 34
6 8
6 5
6 38
6 22
6 32
6 26
6 34
6 22
6 36
6 9
6 16
6 36
6 29
6 16
6 18
6 8
6 23
6 28
6 5
6 31
6 22
6 28
6 20
6 12
6 21
6 35
6 12
6 13
6 38
6 11
6 37
6 33
6 37
6 27
6 13
6 5
6 5
6 34
6 15
6 36
6 11
6 13
6 12
6 15
6 26
6 27
6 30
6 14
6 26
6 16
6 14
6 18
6 21
6 22
6 8
6 16
6 26
6 35
6 35
6 16
6 11
6 35
6 21
6 10
6 38
6 13
6 16
6 19
6 7
6 23
6 31
6 22
6 21
6 30
6 36
6 36
6 9
6 29
6 23
6 20
6 18
6 27
6 5
6 10
6 23
6 26
6 13
6 21
6 27
6 38
6 13
6 32
6 5
6 29
6 37
6 5
6 5
6 24
6 21
6 27
6 36
6 21
6 35
6 36
6 12
6 11
6 13
6 16
6 28
6 27
6 23
6 10
6 5
6 22
6 6
6 14
6 12
6 15
6 36
6 9
6 30
6 8
6 10
6 22
6 33
6 17
6 8
6 35
6 8
6 6
6 35
6 33
6 37
6 24
6 12
6 32
6 9
6 18
6 19
6 15
6 25
6 12
6 30
6 23
6 6
6 35
6 31
6 10
6 28
6 22
6 17
6 12
6 33
6 9
6 14
6 28
6 19
6 10
6 35
6 34
6 15
6 31
6 14
6 21
6 23
6 38
6 25
6 13
6 22
6 21
6 10
6 23
6 14
6 14
6 11
6 16
6 20
6 12
6 30
6 11
6 37
6 7
6 31
6 9
6 30
6 28
6 10
6 35
6 9
6 22
6 14
6 25
6 17
6 33
6 33
6 7
6 8
6 21
6 17
6 10
6 24
6 11
6 34
6 27
6 37
6 28
6 25
6 8
6 32
6 14
6 7
6 18
6 22
6 12
6 7
6 29
6 23
6 29
6 5
6 13
6 25
6 7
6 5
6 24
6 21
6 10
6 32
6 17
6 22
6 31
6 35
6 23
6 5
6 30
6 34
6 37
6 25
6 28
6 19
6 18
6 24
6 38
6 30
6 26
6 25
6 14
6 34
6 36
6 9
6 31
6 11
6 36
6 10
6 35
6 30
6 21
6 33
6 31
6 35
6 12
6 7
6 12
6 34
6 15
6 8
6 26
6 36
6 25
6 31
6 38
6 28
6 19
6 15
6 28
6 23
6 33
6 30
6 8
6 23
6 31
6 24
6 21
6 15
6 16
6 6
6 12
6 15
6 24
6 5
6 22
6 11
6 30
6 27
6 30
6 5
6 28
6 33
6 23
6 17
6 20
6 19
6 21
6 15
6 31
6 38
6 7
6 10
6 20
6 12
6 25
6 23
6 24
6 13
6 25
6 17
6 28
6 31
6 18
6 24
6 27
6 36
6 15
6 7
6 13
6 28
6 35
6 32
6 5
6 37
6 12
6 22
6 15
6 38
6 29
6 16
6 23
6 33
6 21
6 26
6 21
6 20
6 22
6 5
6 31
6 26
6 20
6 22
6 21
6 18
6 11
6 26
6 24
6 30
6 32
6 36
6 21
6 30
6 31
6 36
6 21
6 22
6 16
6 38
6 21
6 36
6 6
6 10
6 8
6 23
6 13
6 5
6 20
6 25
6 31
6 22
6 9
6 35
6 15
6 35
6 10
6 33
6 19
6 9
6 11
6 17
6 5
6 36
6 26
6 35
6 26
6 34
6 16
6 26
6 34
6 25
6 14
6 12
6 26
6 30
6 11
6 6
6 27
6 7
6 6
6 17
6 26
6 36
6 21
6 26
6 19
6 7
6 8
6 17
6 6
6 28
6 28
6 6
6 23
6 27
6 13
6 16
6 38
6 19
6 10
6 16
6 31
6 37
6 33
6 35
6 15
6 24
6 5
6 38
6 33
6 16
6 5
6 11
6 30
6 22
6 5
6 23
6 7
6 26
6 19
6 7
6 15
6 33
6 16
6 11
6 28
6 27
6 18
6 28
6 23
6 36
6 28
6 35
6 24
6 17
6 29
6 10
6 38
6 27
6 14
6 26
6 36
6 16
6 24
6 16
6 30
6 20
6 36
6 20
6 11
6 23
6 20
6 23
6 19
6 7
6 28
6 38
6 25
6 21
6 30
6 6
6 6
6 35
6 13
6 38
6 12
6 22
6 22
6 35
6 36
6 18
6 28
6 36
6 32
6 31
6 19
6 34
6 35
6 31
6 38
6 20
6 7
6 14
6 11
6 8
6 35
6 29
6 29
6 29
6 20
6 29
6 12
6 22
6 16
6 33
6 14
6 12
6 17
6 26
6 38
6 24
6 23
6 21
6 15
6 14
6 9
6 8
6 14
6 20
6 36
6 24
6 33
6 10
6 20
6 30
6 32
6 18
6 30
6 35
6 21
6 15
6 32
6 29
6 11
6 35
6 12
6 36
6 14
6 14
6 16
6 5
6 10
6 8
6 29
6 19
6 17
6 37
6 38
6 17
6 27
6 18
6 34
6 28
6 6
6 35
6 23
6 6
6 25
6 16
6 35
6 31
6 23
6 20
6 13
6 15
6 25
6 33
6 16
