3 14
3 12
3 7
3 3
3 -4
3 -4
3 5
3 -2
3 -4
3 6
3 18
3 7
3 15
3 1
3 -4
3 8
3 0
3 -4
3 11
3 -1
3 18
3 2
3 1
3 5
3 6
3 -1
3 0
3 12
3 10
3 15
3 10
3 13
3 11
3 15
3 -4
3 6
3 14
3 18
3 6
3 -2
3 -3
3 12
3 10
3 14
3 -1
3 6
3 9
3 -3
3 12
3 17
3 2
3 10
3 9
3 8
3 5
3 13
3 -3
3 3
3 -3
3 12
3 6
3 18
3 9
3 16
3 4
3 14
3 9
3 17
3 18
3 10
3 1
3 17
3 18
3 13
3 12
3 3
3 3
3 14
3 16
3 -1
3 -3
3 8
3 11
3 14
3 15
3 11
3 11
3 7
3 10
3 1
3 8
3 11
3 9
3 1
3 6
3 7
3 0
3 1
3 17
3 -2
3 6
3 2
3 -1
3 -5
3 4
3 2
3 17
3 14
3 8
3 11
3 -3
3 12
3 1
3 11
3 -4
3 -5
3 8
3 -3
3 8
3 1
3 1
3 1
3 4
3 -5
3 7
3 6
3 17
3 8
3 10
3 2
3 4
3 11
3 -4
3 1
3 14
3 5
3 11
3 16
3 4
3 15
3 17
3 -5
3 9
3 18
3 5
3 1
3 13
3 15
3 -3
3 4
3 11
3 -4
3 16
3 -4
3 0
3 -5
3 5
3 10
3 16
3 -3
3 13
3 13
3 12
3 0
3 -2
3 -4
3 0
3 11
3 0
3 1
3 17
3 10
3 14
3 -1
3 11
3 -1
3 -3
3 10
3 5
3 3
3 -1
3 6
3 16
3 1
3 5
3 -5
3 6
3 -1
3 3
3 -1
3 8
3 8
3 12
3 -4
3 11
3 16
3 8
3 -3
3 2
3 17
3 7
3 17
3 -1
3 10
3 10
3 15
3 5
3 8
3 8
3 -3
3 12
3 7
3 3
3 -1
3 13
3 -1
3 7
3 2
3 -3
3 -4
3 6
3 7
3 3
3 -3
3 5
3 18
3 -2
3 11
3 17
3 11
3 17
3 12
3 -4
3 -5
3 10
3 12
3 -2
3 18
3 -5
3 3
3 17
3 2
3 8
3 6
3 11
3 17
3 7
3 18
3 9
3 3
3 9
3 7
3 12
3 -5
3 10
3 8
3 7
3 5
3 -5
3 -2
3 8
3 5
3 -5
3 1
3 17
3 1
3 10
3 -2
3 -2
3 -4
3 -3
3 3
3 -1
3 7
3 3
3 18
3 18
3 14
3 18
3 2
3 9
3 11
3 7
3 7
3 16
3 12
3 17
3 1
3 18
3 -1
3 3
3 -3
3 0
3 12
3 -3
3 8
3 15
3 -3
3 11
3 3
3 9
3 13
3 -3
3 0
3 13
3 -3
3 2
3 17
3 2
3 12
3 -5
3 -3
3 13
3 14
3 7
3 -2
3 14
3 -5
3 9
3 0
3 -1
3 16
3 3
3 9
3 9
3 -4
3 10
3 0
3 12
3 -4
3 8
3 -5
3 7
3 14
3 -2
3 14
3 7
3 -3
3 15
3 12
3 18
3 5
3 0
3 -1
3 11
3 16
3 10
3 4
3 11
3 -1
3 16
3 -5
3 14
3 4
3 -1
3 7
3 11
3 13
3 11
3 -2
3 13
3 2
3 3
3 -4
3 9
3 0
3 18
3 15
3 -2
3 -1
3 -1
3 3
3 14
3 8
3 6
3 15
3 9
3 0
3 -2
3 15
3 16
3 3
3 12
3 -1
3 8
3 17
3 15
3 11
3 9
3 8
3 -2
3 13
3 10
3 6
3 4
3 1
3 7
3 9
3 11
3 1
3 6
3 15
3 18
3 16
3 -5
3 1
3 15
3 -3
3 0
3 6
3 4
3 14
3 6
3 10
3 12
3 8
3 4
3 -4
3 4
3 -2
3 17
3 17
3 12
3 -4
3 8
3 0
3 -2
3 18
3 17
3 12
3 9
3 15
3 16
3 6
3 18
3 14
3 3
3 2
3 17
3 15
3 14
3 3
3 8
3 2
3 18
3 1
3 -4
3 8
3 12
3 0
3 15
3 17
3 17
3 -1
3 -3
3 2
3 -5
3 10
3 13
3 -5
3 13
3 4
3 1
3 -3
3 4
3 9
3 -3
3 4
3 8
3 10
3 7
3 17
3 4
3 -3
3 5
3 5
3 9
3 8
3 -5
3 1
3 8
3 8
3 -2
3 12
3 4
3 5
3 13
3 6
3 13
3 17
3 12
3 -4
3 -1
3 6
3 9
3 10
3 8
3 2
3 2
3 10
3 12
3 -2
3 5
3 -4
3 0
3 17
3 7
3 17
3 6
3 13
3 7
3 16
3 -3
3 -2
3 16
3 12
3 -3
3 0
3 -2
3 1
3 18
3 5
3 17
3 10
3 17
3 5
3 2
3 10
3 11
3 2
3 6
3 9
3 15
3 1
3 1
3 0
3 6
3 11
3 -2
3 -2
3 18
3 11
3 17
3 17
3 15
3 14
3 10
3 5
3 5
3 9
3 15
3 7
3 -4
3 2
3 6
3 11
3 5
3 2
3 4
3 -5
3 1
3 -4
3 10
3 6
3 4
3 8
3 9
3 9
3 5
3 14
3 4
3 4
3 2
3 1
3 16
3 0
3 16
3 10
3 -2
3 -2
3 1
3 13
3 -5
3 2
3 10
3 7
3 10
3 6
3 10
3 -5
3 3
3 10
3 11
3 -5
3 -4
3 7
3 14
3 7
3 0
3 15
3 5
3 2
3 8
3 7
3 0
3 9
3 4
3 -1
3 -2
3 15
3 3
3 17
3 6
3 9
3 -2
3 6
3 -5
3 -5
3 -1
3 11
3 13
3 1
3 -5
3 12
3 5
3 -4
3 1
3 8
3 10
3 8
3 10
3 14
3 11
3 14
3 0
3 15
3 1
3 5
3 14
3 5
3 2
3 7
3 -4
3 -5
3 9
3 3
3 16
3 5
3 16
3 13
3 1
3 14
3 11
3 -2
3 -4
3 15
3 18
3 16
3 0
3 7
3 17
3 -4
3 2
3 10
3 15
3 -2
3 14
3 11
3 8
3 3
3 16
3 -2
3 9
3 5
3 -3
3 3
3 -1
3 15
3 17
3 16
3 5
3 11
3 3
3 10
3 0
3 17
3 -2
3 1
3 -2
3 15
3 -1
3 3
3 13
3 0
3 13
3 8
3 10
3 11
3 3
3 -5
3 -2
3 10
3 4
3 -3
3 -2
3 10
3 18
3 10
3 13
3 12
3 16
3 -5
3 4
3 2
3 5
3 16
3 10
3 2
3 14
3 7
3 -3
3 0
3 -1
3 3
3 7
3 8
3 18
3 -1
3 4
3 6
3 6
3 -4
3 18
3 2
3 17
3 18
3 13
3 7
3 10
3 16
3 16
3 13
3 4
3 -4
3 -5
3 16
3 17
3 9
3 15
3 16
3 6
3 5
