5 14
5 25
5 11
5 20
5 27
5 27
5 18
5 3
5 8
5 6
5 26
5 19
5 20
5 14
5 -1
5 10
5 23
5 0
5 20
5 4
5 21
5 21
5 5
5 14
5 4
5 10
5 2
5 13
5 29
5 29
5 14
5 20
5 -1
5 5
5 24
5 18
5 11
5 10
5 28
5 29
5 15
5 22
5 17
5 11
5 8
5 1
5 27
5 25
5 17
5 11
5 9
5 23
5 24
5 25
5 23
5 18
5 28
5 13
5 9
5 21
5 8
5 18
5 3
5 10
5 4
5 7
5 12
5 23
5 28
5 8
5 5
5 21
5 0
5 20
5 28
5 14
5 18
5 8
5 8
5 17
5 7
5 4
5 21
5 23
5 18
5 17
5 -1
5 -1
5 9
5 -1
5 23
5 14
5 8
5 10
5 18
5 10
5 -1
5 27
5 11
5 26
5 23
5 0
5 8
5 9
5 27
5 24
5 10
5 22
5 8
5 10
5 27
5 13
5 26
5 25
5 21
5 14
5 -1
5 17
5 8
5 7
5 6
5 4
5 13
5 29
5 15
5 19
5 28
5 19
5 16
5 21
5 29
5 18
5 4
5 1
5 27
5 11
5 16
5 5
5 4
5 21
5 1
5 23
5 28
5 3
5 24
5 12
5 27
5 27
5 17
5 18
5 9
5 18
5 16
5 12
5 6
5 14
5 16
5 29
5 0
5 3
5 19
5 4
5 26
5 28
5 -1
5 28
5 12
5 14
5 17
5 22
5 13
5 20
5 26
5 17
5 13
5 18
5 4
5 9
5 25
5 14
5 9
5 7
5 10
5 0
5 8
5 24
5 20
5 8
5 23
5 8
5 9
5 9
5 26
5 7
5 7
5 29
5 18
5 0
5 20
5 29
5 27
5 -1
5 23
5 11
5 24
5 4
5 18
5 22
5 14
5 19
5 3
5 10
5 1
5 1
5 21
5 21
5 12
5 27
5 12
5 8
5 12
5 12
5 23
5 8
5 4
5 8
5 0
5 1
5 4
5 14
5 6
5 18
5 29
5 3
5 20
5 27
5 0
5 28
5 18
5 10
5 13
5 11
5 11
5 0
5 20
5 6
5 28
5 2
5 11
5 19
5 24
5 28
5 2
5 24
5 5
5 12
5 27
5 19
5 19
5 7
5 28
5 14
5 3
5 5
5 2
5 5
5 14
5 8
5 17
5 29
5 13
5 10
5 28
5 0
5 13
5 9
5 0
5 13
5 25
5 18
5 19
5 12
5 2
5 29
5 3
5 10
5 9
5 17
5 28
5 19
5 15
5 25
5 16
5 16
5 3
5 11
5 24
5 9
5 20
5 22
5 17
5 0
5 20
5 16
5 29
5 7
5 15
5 29
5 0
5 14
5 29
5 7
5 5
5 19
5 4
5 23
5 18
5 18
5 11
5 27
5 17
5 28
5 -1
5 4
5 5
5 29
5 1
5 24
5 29
5 23
5 5
5 17
5 28
5 13
5 25
5 2
5 2
5 -1
5 26
5 22
5 18
5 1
5 12
5 12
5 18
5 24
5 16
5 16
5 18
5 23
5 14
5 20
5 23
5 24
5 11
5 23
5 5
5 26
5 4
5 23
5 7
5 15
5 14
5 13
5 13
5 10
5 7
5 23
5 17
5 7
5 8
5 29
5 17
5 11
5 28
5 17
5 10
5 27
5 13
5 12
5 27
5 10
5 4
5 25
5 16
5 -1
5 0
5 3
5 28
5 9
5 14
5 25
5 9
5 3
5 -1
5 12
5 23
5 20
5 5
5 12
5 27
5 9
5 7
5 16
5 7
5 26
5 13
5 -1
5 17
5 23
5 22
5 12
5 8
5 26
5 13
5 11
5 22
5 19
5 20
5 4
5 2
5 29
5 26
5 -1
5 20
5 15
5 17
5 2
5 29
5 14
5 0
5 21
5 23
5 22
5 2
5 7
5 15
5 17
5 27
5 7
5 10
5 20
5 11
5 29
5 24
5 23
5 27
5 17
5 2
5 6
5 9
5 12
5 4
5 2
5 21
5 2
5 25
5 12
5 7
5 9
5 21
5 6
5 2
5 14
5 26
5 12
5 21
5 7
5 3
5 20
5 14
5 21
5 0
5 29
5 22
5 11
5 3
5 28
5 16
5 25
5 19
5 12
5 0
5 3
5 20
5 21
5 26
5 5
5 19
5 12
5 18
5 20
5 22
5 9
5 2
5 -1
5 26
5 21
5 25
5 25
5 10
5 19
5 15
5 0
5 15
5 19
5 8
5 15
5 23
5 26
5 3
5 17
5 11
5 21
5 6
5 5
5 9
5 0
5 26
5 24
5 8
5 3
5 25
5 14
5 11
5 6
5 14
5 14
5 26
5 12
5 7
5 14
5 10
5 23
5 24
5 14
5 25
5 25
5 17
5 4
5 15
5 1
5 13
5 15
5 12
5 4
5 0
5 3
5 15
5 29
5 2
5 23
5 9
5 14
5 24
5 19
5 10
5 4
5 10
5 25
5 14
5 4
5 1
5 27
5 22
5 7
5 1
5 25
5 11
5 22
5 9
5 12
5 13
5 15
5 19
5 3
5 10
5 29
5 20
5 14
5 17
5 12
5 15
5 15
5 10
5 3
5 0
5 12
5 23
5 21
5 9
5 12
5 6
5 16
5 9
5 11
5 16
5 10
5 15
5 23
5 16
5 12
5 12
5 11
5 23
5 26
5 1
5 11
5 -1
5 28
5 19
5 16
5 4
5 27
5 14
5 13
5 -1
5 26
5 22
5 25
5 10
